0.00016808509826660156 0
0.021889209747314453 1
0.03000164031982422 1
0.039014577865600586 1
0.04720664024353027 2
0.05852341651916504 3
0.06657028198242188 4
0.07545781135559082 4
0.08112144470214844 5
0.08640217781066895 5
0.09061479568481445 6
0.09519839286804199 7
0.09913015365600586 7
0.10332059860229492 7
0.10824227333068848 8
0.11234855651855469 9
0.11693882942199707 9
0.12125039100646973 10
0.1260676383972168 11
0.13129258155822754 11
0.13610291481018066 11
0.1403486728668213 12
0.1449751853942871 13
0.14891695976257324 13
0.15314197540283203 14
0.15817880630493164 15
0.16231012344360352 16
0.16691040992736816 16
0.17112326622009277 17
0.17600297927856445 18
0.18096685409545898 19
0.18631219863891602 19
0.19073820114135742 20
0.19541049003601074 21
0.20093965530395508 22
0.2066481113433838 23
0.21088600158691406 23
0.21547842025756836 24
0.21981406211853027 24
0.2246537208557129 25
0.229783296585083 26
0.23457074165344238 27
0.23855924606323242 27
0.24266505241394043 28
0.24733924865722656 29
0.25201869010925293 30
0.25661540031433105 30
0.26099395751953125 31
0.2658672332763672 31
0.26995253562927246 32
0.27475953102111816 33
0.2787492275238037 34
0.2847328186035156 35
0.2893483638763428 35
0.29343748092651367 36
0.29836273193359375 37
0.302473783493042 37
0.30702805519104004 38
0.31174731254577637 39
0.3163416385650635 40
0.3205897808074951 40
0.3253359794616699 41
0.3293893337249756 42
0.335235595703125 43
0.3391873836517334 43
0.3433809280395508 44
0.34836506843566895 45
0.35248470306396484 45
0.35714173316955566 46
0.3613464832305908 47
0.36612987518310547 47
0.37052106857299805 48
0.37517642974853516 49
0.37914586067199707 49
0.3850667476654053 51
0.3891763687133789 51
0.3948335647583008 52
0.3988034725189209 53
0.4029839038848877 53
0.40789246559143066 54
0.41201281547546387 55
0.4165949821472168 55
0.4208509922027588 56
0.42546653747558594 57
0.42992568016052246 58
0.4354269504547119 59
0.4397423267364502 59
0.44455885887145996 60
0.44859838485717773 61
0.4527151584625244 61
0.4573817253112793 62
0.4618504047393799 63
0.4664168357849121 63
0.4706695079803467 64
0.4753117561340332 65
0.4793407917022705 66
0.48517894744873047 67
0.4893777370452881 67
0.4949185848236084 68
0.4988827705383301 69
0.5030977725982666 69
0.5080487728118896 70
0.5121610164642334 71
0.5167438983917236 71
0.5211372375488281 72
0.5260000228881836 73
0.5302145481109619 74
0.5359499454498291 74
0.5401732921600342 75
0.5448780059814453 76
0.5489504337310791 77
0.5573709011077881 78
0.5619325637817383 79
0.5665156841278076 79
0.5708649158477783 80
0.5754659175872803 81
0.5799808502197266 81
0.5854690074920654 82
0.5898377895355225 83
0.5946736335754395 84
0.5991561412811279 84
0.6033360958099365 85
0.608379602432251 86
0.6125001907348633 87
0.6170392036437988 87
0.6213686466217041 88
0.6261930465698242 89
0.6304354667663574 89
0.6360735893249512 90
0.6403915882110596 91
0.6450276374816895 92
0.6491093635559082 93
0.6533174514770508 93
0.6582911014556885 94
0.6624071598052979 95
0.6669752597808838 95
0.671412467956543 96
0.676182746887207 97
0.6804349422454834 97
0.6850705146789551 98
0.6904013156890869 99
0.6950480937957764 100
0.6999118328094482 101
0.7047138214111328 101
0.7094268798828125 102
0.7148666381835938 103
0.7188370227813721 103
0.7230515480041504 104
0.728135347366333 105
0.732262372970581 106
0.7381138801574707 106
0.7422420978546143 107
0.7468159198760986 108
0.7511138916015625 109
0.755976676940918 109
0.760169267654419 110
0.7648937702178955 111
0.7688636779785156 111
0.7730636596679688 112
0.778146505355835 113
0.7823143005371094 113
0.7869048118591309 115
0.7924971580505371 115
0.7970283031463623 116
0.8019993305206299 117
0.8066315650939941 117
0.8109762668609619 118
0.8158471584320068 119
0.8199589252471924 119
0.8247780799865723 120
0.8287792205810547 121
0.8329672813415527 121
0.837897539138794 123
0.8429908752441406 123
0.8480355739593506 124
0.8521685600280762 125
0.8567657470703125 125
0.8610320091247559 126
0.8659234046936035 127
0.8701455593109131 127
0.8748772144317627 128
0.879993200302124 129
0.8848395347595215 130
0.8887934684753418 131
0.8947443962097168 131
0.8987438678741455 132
0.9034368991851807 133
0.9085228443145752 133
0.9126553535461426 134
0.9173116683959961 135
0.9218001365661621 135
0.9263839721679688 137
0.9306371212005615 137
0.9353029727935791 138
0.9393768310546875 139
0.9452471733093262 139
0.949291467666626 140
0.9533774852752686 141
0.9583144187927246 141
0.9624283313751221 142
0.9670083522796631 143
0.9717452526092529 143
0.9763047695159912 145
0.9805946350097656 145
0.9852209091186523 146
0.9903490543365479 147
0.9981071949005127 148
