7.2479248046875e-05 0
0.008622169494628906 0
0.014502525329589844 1
0.019208669662475586 1
0.023814678192138672 2
0.028055429458618164 3
0.03308248519897461 4
0.037245750427246094 6
0.04250502586364746 8
0.04703879356384277 10
0.051666975021362305 12
0.0562746524810791 14
0.06121253967285156 16
0.06629014015197754 19
0.07123780250549316 21
0.07554006576538086 23
0.08025598526000977 27
0.08426904678344727 30
0.08849644660949707 32
0.09347152709960938 36
0.09763216972351074 39
0.10231542587280273 42
0.10660886764526367 44
0.1114797592163086 49
0.1169884204864502 54
0.1216123104095459 56
0.12589001655578613 60
0.13057303428649902 63
0.13493704795837402 66
0.13980841636657715 70
0.14388704299926758 74
0.14814543724060059 77
0.15323233604431152 80
0.1573925018310547 85
0.16201043128967285 88
0.16736721992492676 93
0.17197751998901367 96
0.17648983001708984 100
0.18134069442749023 104
0.18567728996276855 108
0.1903550624847412 112
0.19446802139282227 115
0.19916343688964844 118
0.20363306999206543 124
0.20778298377990723 127
0.2124948501586914 132
0.21780729293823242 136
0.22252345085144043 139
0.2270500659942627 144
0.23166251182556152 150
0.2397170066833496 155
0.24387335777282715 158
0.24858784675598145 162
0.2536740303039551 167
0.2578542232513428 171
0.2625548839569092 176
0.2681772708892822 180
0.2731971740722656 183
0.2773866653442383 188
0.2820322513580322 192
0.2865288257598877 196
0.29138636589050293 201
0.2958071231842041 204
0.3005180358886719 208
0.3048863410949707 212
0.3097717761993408 217
0.3138082027435303 220
0.31982898712158203 226
0.3239152431488037 230
0.3281571865081787 233
0.33318614959716797 236
0.3373298645019531 242
0.3419644832611084 246
0.34624242782592773 251
0.35166478157043457 254
0.35621142387390137 258
0.3611490726470947 262
0.36545777320861816 267
0.37116527557373047 271
0.3754608631134033 274
0.3801302909851074 280
0.3841392993927002 283
0.38840246200561523 287
0.39342164993286133 292
0.39757776260375977 296
0.40227699279785156 300
0.4065718650817871 303
0.41179847717285156 308
0.4175715446472168 316
0.42555952072143555 321
0.4312872886657715 326
0.43593859672546387 330
0.44182491302490234 336
0.44661378860473633 341
0.45232582092285156 346
0.45772790908813477 350
0.46242213249206543 354
0.4669654369354248 359
0.47243356704711914 363
0.47710490226745605 368
0.48171329498291016 372
0.4860105514526367 376
0.491044282913208 379
0.4951789379119873 384
0.5004212856292725 388
0.504528284072876 392
0.5092625617980957 397
0.5137052536010742 404
0.5233590602874756 408
0.5275301933288574 414
0.5321571826934814 417
0.5370118618011475 423
0.5416157245635986 426
0.5461959838867188 430
0.5511074066162109 435
0.556018590927124 439
0.5609786510467529 443
0.5651102066040039 446
0.5699639320373535 452
0.5752859115600586 455
0.5800557136535645 461
0.5840723514556885 464
0.588320255279541 468
0.5934844017028809 474
0.5976517200469971 477
0.602358341217041 481
0.6068830490112305 484
0.6115310192108154 490
0.6158604621887207 494
0.6205308437347412 499
0.6259136199951172 503
0.630577564239502 506
0.634929895401001 510
0.6398024559020996 516
0.6438202857971191 519
0.648097038269043 523
0.6531522274017334 526
0.6573400497436523 532
0.6619439125061035 536
0.6662077903747559 539
0.6711270809173584 544
0.6764142513275146 548
0.6812677383422852 552
0.685591459274292 557
0.690312385559082 561
0.6944260597229004 564
0.6985776424407959 568
0.7035493850708008 574
0.7077367305755615 577
0.7124195098876953 581
0.7170863151550293 586
0.7217006683349609 590
0.7271637916564941 596
0.7317807674407959 599
0.7360978126525879 603
0.7410345077514648 606
0.7452840805053711 610
0.7500746250152588 616
0.7540900707244873 619
0.7597167491912842 624
0.7637710571289062 628
0.7680199146270752 632
0.7726092338562012 637
0.7781054973602295 641
0.7831211090087891 644
0.787287712097168 650
0.7919237613677979 654
0.7962112426757812 657
0.8011364936828613 661
0.8055758476257324 666
0.8102467060089111 670
0.8142735958099365 674
0.8185093402862549 677
0.8235301971435547 683
0.8285360336303711 686
0.8336443901062012 692
0.8379702568054199 698
0.8437128067016602 701
0.8479833602905273 705
0.8525869846343994 708
0.8571364879608154 714
0.8623154163360596 717
0.8665704727172852 721
0.8714010715484619 725
0.875758171081543 730
0.881500244140625 736
0.8857877254486084 739
0.8904638290405273 743
0.8949711322784424 746
0.8998513221740723 752
0.9039418697357178 756
0.9082257747650146 760
0.913240909576416 763
0.917367696762085 768
0.9219744205474854 772
0.9262416362762451 778
0.931969165802002 783
0.9377202987670898 786
0.9435458183288574 792
0.947704553604126 796
0.9525241851806641 800
0.9572324752807617 805
0.9618527889251709 808
0.9670228958129883 814
0.9716172218322754 818
0.9759209156036377 823
0.9817359447479248 827
0.9860215187072754 830
0.9909179210662842 834
0.9951519966125488 838
0.999988317489624 843
