0.00042510032653808594 0
0.020656824111938477 0
0.03129267692565918 0
0.043410539627075195 0
0.05132269859313965 0
0.06352949142456055 0
0.07035470008850098 1
0.0747213363647461 1
0.07980823516845703 1
0.08454108238220215 2
0.08964395523071289 2
0.09433984756469727 2
0.0997471809387207 3
0.10462260246276855 3
0.10973048210144043 4
0.1143338680267334 5
0.12130951881408691 6
0.12569832801818848 6
0.1307210922241211 7
0.13532233238220215 8
0.14045357704162598 9
0.1448194980621338 10
0.14989399909973145 11
0.15465545654296875 12
0.1597611904144287 14
0.16445469856262207 15
0.17068958282470703 16
0.17531585693359375 18
0.18041110038757324 19
0.18479275703430176 20
0.18995976448059082 22
0.19455695152282715 23
0.19970130920410156 25
0.20430612564086914 26
0.20930123329162598 28
0.21420025825500488 30
0.22036266326904297 32
0.2247927188873291 34
0.22991418838500977 36
0.2345271110534668 38
0.23964786529541016 40
0.2442471981048584 42
0.24931073188781738 44
0.25420165061950684 46
0.25925397872924805 48
0.2640671730041504 51
0.2688593864440918 54
0.27463769912719727 56
0.2797513008117676 59
0.2843599319458008 61
0.2893810272216797 64
0.29406213760375977 66
0.29883241653442383 68
0.30379652976989746 71
0.3085353374481201 74
0.3133842945098877 77
0.3182685375213623 79
0.32401227951049805 82
0.328782320022583 85
0.33386659622192383 88
0.3386249542236328 91
0.34343791007995605 94
0.3482990264892578 97
0.35290050506591797 100
0.3580811023712158 103
0.3626580238342285 106
0.36779308319091797 110
0.3734467029571533 114
0.37830114364624023 122
0.39172887802124023 126
0.3969583511352539 128
0.4017195701599121 132
0.40684008598327637 135
0.4115307331085205 138
0.4163856506347656 142
0.42098474502563477 146
0.4274165630340576 149
0.4317924976348877 154
0.4368748664855957 157
0.44135570526123047 160
0.44574570655822754 164
0.4509389400482178 167
0.45561647415161133 172
0.46147632598876953 174
0.46587586402893066 179
0.470914363861084 184
0.47738051414489746 187
0.48181772232055664 191
0.48696398735046387 194
0.49146604537963867 197
0.4958364963531494 202
0.5008544921875 205
0.5055375099182129 210
0.5107738971710205 213
0.5154218673706055 218
0.5205092430114746 221
0.5258173942565918 226
0.5308811664581299 229
0.535682201385498 234
0.5407984256744385 237
0.5454704761505127 242
0.5505497455596924 245
0.5549092292785645 250
0.5602343082427979 253
0.564603328704834 256
0.56976318359375 261
0.5756454467773438 266
0.5806553363800049 269
0.5853002071380615 274
0.5903909206390381 277
0.5947864055633545 280
0.5999622344970703 285
0.6045422554016113 288
0.6096720695495605 292
0.6142432689666748 296
0.619257926940918 300
0.6241765022277832 305
0.6303915977478027 308
0.6348350048065186 312
0.6399681568145752 316
0.6447417736053467 319
0.6498804092407227 324
0.654470682144165 327
0.6596033573150635 332
0.6674647331237793 336
0.6720798015594482 341
0.6779265403747559 345
0.6827034950256348 348
0.6878643035888672 353
0.6927392482757568 356
0.697808027267456 360
0.7022666931152344 363
0.707557201385498 366
0.7119979858398438 370
0.7170114517211914 373
0.7214953899383545 376
0.7276551723480225 382
0.7321386337280273 384
0.7373335361480713 387
0.7417104244232178 391
0.7468037605285645 394
0.7514662742614746 396
0.7558488845825195 400
0.7608678340911865 403
0.7655456066131592 407
0.7707698345184326 410
0.7754392623901367 413
0.7816600799560547 416
0.7867662906646729 420
0.7912986278533936 422
0.7957205772399902 426
0.8007979393005371 428
0.805464506149292 431
0.8107185363769531 434
0.815363883972168 437
0.820448637008667 439
0.8248326778411865 442
0.8313980102539062 444
0.8358058929443359 448
0.8408763408660889 450
0.8455405235290527 453
0.8506062030792236 455
0.8549942970275879 458
0.8604059219360352 460
0.8647980690002441 461
0.86993408203125 464
0.8746938705444336 467
0.8808648586273193 468
0.8855931758880615 471
0.8906490802764893 472
0.8952906131744385 475
0.9005112648010254 476
0.9049100875854492 478
0.9102413654327393 480
0.9146652221679688 481
0.9198307991027832 483
0.9244086742401123 484
0.9305908679962158 486
0.9350156784057617 488
0.9403262138366699 489
0.9447476863861084 490
0.9499175548553467 492
0.9545257091522217 493
0.9596822261810303 494
0.9642817974090576 495
0.9693479537963867 496
0.9740700721740723 497
0.9788479804992676 498
0.9845554828643799 499
0.9896748065948486 500
0.9943912029266357 500
0.9995718002319336 501
1.0041780471801758 502
1.0089495182037354 502
1.013864278793335 502
1.0186161994934082 503
1.0234272480010986 503
1.0283021926879883 504
1.0341808795928955 504
1.039353847503662 504
1.0440552234649658 504
1.0488388538360596 504
1.053964614868164 504
1.0588550567626953 504
1.0638008117675781 504
1.068558931350708 504
1.0733990669250488 503
1.0782780647277832 503
1.083984375 503
1.0888621807098389 502
1.0937955379486084 502
1.0986101627349854 502
1.1034255027770996 501
1.1082777976989746 500
1.1132848262786865 500
1.118758201599121 499
1.1237685680389404 498
1.1285359859466553 498
1.134211540222168 496
1.139279842376709 496
1.14404296875 494
1.148824691772461 494
1.1537930965423584 492
1.1585566997528076 491
1.163679599761963 490
1.1684846878051758 489
1.1735317707061768 487
1.178389310836792 486
1.1829969882965088 484
1.1888582706451416 483
1.1938340663909912 481
1.1986057758331299 480
1.2035236358642578 478
1.2083966732025146 476
1.213005781173706 474
1.21812105178833 473
1.222714900970459 471
1.227790117263794 469
1.2324299812316895 466
1.2385270595550537 465
1.2433860301971436 462
1.2482938766479492 461
1.2529127597808838 458
1.2580149173736572 456
1.2625901699066162 454
1.2677924633026123 452
1.2722482681274414 450
1.2775051593780518 448
1.2818892002105713 444
1.2880580425262451 442
1.2929027080535889 438
1.298079013824463 436
1.3025014400482178 434
1.3077757358551025 431
1.3122501373291016 429
1.3175129890441895 427
1.3218846321105957 423
1.3272404670715332 421
1.331529140472412 419
1.3377423286437988 414
1.342228651046753 412
1.347470998764038 409
1.3520898818969727 406
1.3573665618896484 403
1.3617546558380127 399
1.3668427467346191 397
1.3713793754577637 394
1.3758203983306885 390
1.3808746337890625 384
1.3906190395355225 381
1.3952727317810059 377
1.400491714477539 374
1.4048900604248047 372
1.4104537963867188 367
1.4148883819580078 364
1.4199707508087158 360
1.424750804901123 358
1.4299020767211914 353
1.4345118999481201 349
1.4407081604003906 346
1.4453554153442383 342
1.4504544734954834 339
1.4548513889312744 334
1.460273265838623 332
1.4646453857421875 328
1.4697644710540771 324
1.4745182991027832 321
1.4796841144561768 316
1.484262466430664 312
1.4904632568359375 309
1.4948413372039795 306
1.4999864101409912 300
1.5069427490234375 296
1.5116815567016602 292
1.5164432525634766 289
1.521442174911499 286
1.5258169174194336 281
1.5314288139343262 278
1.5358266830444336 273
1.5418920516967773 268
1.5473790168762207 266
1.5520026683807373 261
1.557264804840088 258
1.5615260601043701 254
1.566399097442627 250
1.571000099182129 246
1.5756821632385254 242
1.5807249546051025 239
1.5853819847106934 234
1.5917115211486816 229
1.5969390869140625 226
1.6014437675476074 223
1.6058526039123535 218
1.6108756065368652 215
1.6155648231506348 211
1.6206097602844238 208
1.6249854564666748 203
1.6303563117980957 200
1.6347901821136475 197
1.6399054527282715 192
1.6456525325775146 188
1.6508607864379883 184
1.6555767059326172 180
1.6606497764587402 177
1.6652960777282715 172
1.6704177856445312 170
1.6747944355010986 166
1.6799092292785645 162
1.6846888065338135 159
1.6898837089538574 155
1.6955270767211914 150
1.7005887031555176 148
1.7049484252929688 144
1.7104499340057373 140
1.714848279953003 138
1.719980239868164 134
1.7245681285858154 131
1.7296879291534424 127
1.734269142150879 124
1.7392687797546387 120
1.7447655200958252 117
1.749957799911499 114
1.754561185836792 111
1.7596709728240967 107
1.764270305633545 104
1.7693681716918945 100
1.7742478847503662 98
1.7793605327606201 94
1.7840521335601807 92
1.7888000011444092 90
1.7944130897521973 86
1.7995593547821045 83
1.8041598796844482 80
1.8090178966522217 77
1.8141839504241943 75
1.8190085887908936 72
1.8240063190460205 70
1.8288187980651855 67
1.8339452743530273 64
1.8386900424957275 62
1.8435323238372803 59
1.8554623126983643 54
1.8606131076812744 52
1.865311861038208 49
1.8703839778900146 47
1.874788522720337 46
1.8799312114715576 43
1.8845458030700684 41
1.8896563053131104 39
1.894439697265625 37
1.9005327224731445 35
1.9049136638641357 34
1.9102065563201904 32
1.9145634174346924 30
1.9196860790252686 28
1.9242913722991943 27
1.92936372756958 25
1.9340412616729736 24
1.9388468265533447 23
1.9439871311187744 22
1.949934720993042 20
1.954665184020996 19
1.9597728252410889 18
1.964371681213379 17
1.9694175720214844 16
1.9740865230560303 15
1.9789032936096191 14
1.9838783740997314 13
1.988612413406372 13
1.9934234619140625 12
1.999284267425537 11
2.0040013790130615 11
2.008815050125122 10
2.013899803161621 10
2.0186147689819336 10
2.0233874320983887 9
2.028251886367798 9
2.0328309535980225 9
2.037938356399536 8
2.0423331260681152 8
2.0475692749023438 8
2.0529439449310303 8
2.058001756668091 9
2.062422275543213 9
2.0676376819610596 9
2.0722572803497314 9
2.0775179862976074 10
2.081894874572754 10
2.0872862339019775 10
2.0917093753814697 11
2.096834659576416 12
2.1023671627044678 12
2.107603073120117 12
2.1120831966400146 13
2.1179375648498535 14
2.1224184036254883 15
2.1276609897613525 16
2.1322762966156006 16
2.137493848800659 17
2.1418282985687256 18
2.1469900608062744 20
2.1524658203125 21
2.157686710357666 22
2.1621477603912354 23
2.1673431396484375 24
2.1717300415039062 26
2.1769328117370605 27
2.1814796924591064 28
2.1858911514282227 30
2.1912951469421387 31
2.195693254470825 33
2.2021048069000244 35
2.2073466777801514 36
2.2117483615875244 39
2.216902017593384 40
2.2213823795318604 42
2.2257916927337646 44
2.2308261394500732 46
2.2354626655578613 48
2.2405378818511963 50
2.244898557662964 52
2.2503912448883057 54
2.255748748779297 57
2.2607736587524414 58
2.2654190063476562 62
2.270498275756836 63
2.2748773097991943 66
2.280280113220215 68
2.284647226333618 70
2.289771318435669 73
2.294375419616699 76
2.299569606781006 79
2.3049402236938477 82
2.310398817062378 84
2.3147778511047363 86
2.319894313812256 90
2.324532985687256 92
2.3296637535095215 96
2.334423065185547 98
2.3395566940307617 102
2.3441834449768066 104
2.348982810974121 108
2.354658603668213 110
2.359851598739624 114
2.3644416332244873 116
2.369586229324341 120
2.3742988109588623 123
2.3793551921844482 130
2.388213872909546 132
2.393000841140747 136
2.3981335163116455 139
2.402907609939575 144
2.4088916778564453 148
2.414050340652466 150
2.418884754180908 153
2.4238481521606445 158
2.4286725521087646 160
2.4337549209594727 165
2.438624858856201 168
2.443425416946411 172
2.448268413543701 175
2.452873706817627 180
2.4587974548339844 182
2.4639546871185303 187
2.4687461853027344 190
2.4737112522125244 194
2.478527784347534 198
2.4833388328552246 202
2.4881956577301025 205
2.4929754734039307 210
2.4981184005737305 213
2.5026845932006836 218
2.5085973739624023 221
2.513392925262451 226
2.5182371139526367 229
2.5228569507598877 234
2.5279996395111084 236
2.5324552059173584 240
2.5376715660095215 243
2.5421218872070312 248
2.5473852157592773 251
2.551901340484619 256
2.557980537414551 260
2.5624806880950928 264
2.567713499069214 268
2.5721943378448486 272
2.5773801803588867 275
2.581740140914917 280
2.586827278137207 283
2.591512680053711 286
2.596397638320923 291
2.6009304523468018 294
2.606356143951416 300
2.61283540725708 305
2.617945909500122 308
2.622368097305298 312
2.6276514530181885 314
2.6320960521698 319
2.637404203414917 322
2.6417815685272217 327
2.646855115890503 330
2.6513564586639404 333
2.655761480331421 338
2.662083864212036 342
2.6673829555511475 346
2.6720399856567383 350
2.677293539047241 353
2.681659460067749 356
2.6864092350006104 360
2.691007375717163 364
2.695697069168091 368
2.7007405757904053 371
2.7054638862609863 375
2.7117133140563965 380
2.7167677879333496 382
2.72148060798645 385
2.726388454437256 390
2.731349229812622 392
2.7357568740844727 396
2.7408297061920166 399
2.7454962730407715 403
2.75050950050354 406
2.7549049854278564 410
2.7610039710998535 412
2.7656898498535156 416
2.770806312561035 419
2.7754642963409424 422
2.780545949935913 425
2.7849316596984863 429
2.790426254272461 431
2.794802665710449 434
2.7999138832092285 437
2.804534435272217 440
2.809704303741455 443
2.8153555393218994 446
2.820464611053467 448
2.8248541355133057 452
2.8302724361419678 454
2.8346617221832275 456
2.8398149013519287 459
2.844400644302368 461
2.849574565887451 464
2.8544349670410156 466
2.8596134185791016 469
2.865302324295044 472
2.8704490661621094 474
2.8748486042022705 475
2.879957437515259 478
2.8845510482788086 479
2.889667510986328 482
2.8942506313323975 483
2.8992724418640137 486
2.904031753540039 487
2.9088072776794434 489
2.9146552085876465 490
2.9197654724121094 492
2.924368143081665 494
2.929572343826294 496
2.9341511726379395 497
2.938978910446167 498
2.943911552429199 500
2.948659896850586 501
2.953500270843506 502
2.9583771228790283 503
2.964027166366577 504
2.968797445297241 505
2.9738831520080566 506
2.9786508083343506 507
2.9837727546691895 508
2.988560438156128 509
2.9933741092681885 510
2.998236656188965 510
3.0028367042541504 510
3.0079286098480225 511
3.0123841762542725 512
3.0183160305023193 512
3.022911548614502 512
3.027991533279419 512
3.0327508449554443 513
3.037867307662964 513
3.0423834323883057 513
3.0476527214050293 513
3.05214524269104 513
3.057356357574463 513
3.061744213104248 513
3.067917585372925 512
3.0723929405212402 512
3.077658176422119 512
3.082139492034912 512
3.0873749256134033 511
3.0920419692993164 510
3.0973258018493652 510
3.101712703704834 509
3.1069538593292236 509
3.1117265224456787 508
3.1185097694396973 507
3.1233768463134766 506
3.12831449508667 506
3.1329329013824463 504
3.138016700744629 504
3.1424977779388428 503
3.147768974304199 502
3.152376890182495 500
3.1576895713806152 499
3.1621410846710205 498
3.1681463718414307 496
3.1727521419525146 496
3.177868366241455 494
3.182366132736206 493
3.1876747608184814 491
3.1921308040618896 490
3.1973934173583984 488
3.2017853260040283 486
3.2069146633148193 485
3.211678981781006 483
3.2177255153656006 480
3.222210168838501 479
3.2274954319000244 478
3.231874704360962 475
3.2370152473449707 474
3.241787910461426 471
3.246938705444336 469
3.2514169216156006 468
3.255823850631714 465
3.2608416080474854 463
3.265528917312622 460
3.271902084350586 458
3.277006149291992 456
3.281527042388916 454
3.286400556564331 450
3.291255474090576 448
3.2957043647766113 446
3.3008222579956055 443
3.305522918701172 440
3.310558557510376 438
3.3149218559265137 434
3.32132625579834 432
3.3257410526275635 429
3.3312788009643555 426
3.3357229232788086 423
3.3412976264953613 421
3.345710277557373 417
3.3508121967315674 414
3.3554799556732178 411
3.3605618476867676 408
3.364938735961914 404
3.371490955352783 402
3.3759095668792725 398
3.3897817134857178 389
3.3948287963867188 386
3.399946451187134 382
3.404712677001953 380
3.4099411964416504 376
3.4146828651428223 372
3.4198238849639893 368
3.4254395961761475 364
3.43046498298645 361
3.4348559379577637 358
3.439957857131958 354
3.4446005821228027 351
3.4497034549713135 347
3.4544248580932617 344
3.4595303535461426 340
3.464149236679077 336
3.4688868522644043 332
3.4746432304382324 329
3.479759931564331 324
3.4843366146087646 322
3.4893484115600586 317
3.494039297103882 314
3.4988443851470947 311
3.5040123462677 306
3.5087623596191406 303
3.5138633251190186 298
3.518598794937134 294
3.5242512226104736 291
3.5293469429016113 286
3.53403377532959 283
3.5387818813323975 280
3.543726682662964 275
3.548488140106201 272
3.55332350730896 267
3.5581870079040527 264
3.56278920173645 261
3.5678958892822266 256
3.5737268924713135 252
3.578503131866455 248
3.5833449363708496 244
3.588238000869751 241
3.5928356647491455 236
3.597958564758301 233
3.6023848056793213 230
3.6076645851135254 227
3.6121222972869873 222
3.617372512817383 219
3.6216983795166016 214
3.62784481048584 210
3.6325929164886475 206
3.6377711296081543 202
3.642268419265747 199
3.647597551345825 196
3.6520845890045166 191
3.6573665142059326 188
3.6617093086242676 184
3.6669974327087402 181
3.6716532707214355 176
3.6778202056884766 172
3.6823129653930664 169
3.6876161098480225 164
3.692248582839966 162
3.729360818862915 135
3.7341208457946777 132
3.7389073371887207 129
3.7438557147979736 125
3.7486679553985596 122
3.7538211345672607 118
3.7586910724639893 116
3.7638049125671387 112
3.7686290740966797 110
3.7734837532043457 106
3.779352903366089 102
3.784087657928467 100
3.7888593673706055 97
3.7938144207000732 94
3.798602342605591 91
3.803415298461914 88
3.808302402496338 86
3.8133063316345215 82
3.8181557655334473 80
3.8229312896728516 77
3.8288116455078125 75
3.833775758743286 72
3.838552713394165 70
3.843413829803467 66
3.8482837677001953 65
3.8528857231140137 62
3.8580310344696045 60
3.8624799251556396 58
3.867741107940674 56
3.872375249862671 54
3.87766170501709 51
3.8833210468292236 49
3.8881661891937256 47
3.8929800987243652 45
3.898066997528076 43
3.9026613235473633 42
3.907834529876709 40
3.9123032093048096 38
3.917602777481079 37
3.9220569133758545 35
3.9272658824920654 33
3.9329142570495605 32
3.938025712966919 30
3.9424643516540527 29
3.9476778507232666 28
3.9521138668060303 27
3.957397937774658 26
3.961805582046509 25
3.966900587081909 24
3.9714012145996094 23
3.9757866859436035 22
3.9818718433380127 21
3.986997604370117 20
3.9917500019073486 20
3.9968559741973877 19
4.001315116882324 18
4.005676984786987 18
4.010740280151367 18
4.015353441238403 17
4.020657777786255 17
4.025019645690918 16
4.030982494354248 16
4.035674333572388 16
4.040745258331299 16
4.045449495315552 16
4.050674676895142 16
4.055307865142822 16
4.060342073440552 16
4.064722061157227 16
4.069859266281128 17
4.074465036392212 17
4.079669952392578 17
4.0852906703948975 18
4.090372323989868 18
4.094748258590698 18
4.09987735748291 19
4.104509353637695 20
4.109662055969238 20
4.114405870437622 21
4.1202898025512695 22
4.124648094177246 22
4.129803657531738 24
4.13547682762146 25
4.140512228012085 26
4.144883155822754 27
4.150435447692871 28
4.154822826385498 28
4.159963607788086 30
4.164571046829224 31
4.169755697250366 32
4.174517393112183 34
4.179674386978149 36
4.1853227615356445 37
4.190425395965576 38
4.1948041915893555 40
4.199932336807251 42
4.204543352127075 43
4.2096943855285645 45
4.214252710342407 47
4.219265460968018 48
4.2240095138549805 50
4.228760480880737 52
4.234597444534302 54
4.239759922027588 57
4.24435830116272 58
4.24940037727356 61
4.254065275192261 63
4.258861541748047 65
4.263781309127808 68
4.268566131591797 70
4.273415803909302 72
4.278311491012573 74
4.283360719680786 77
4.289353609085083 80
4.294221878051758 82
4.299266338348389 85
4.304040431976318 88
4.308812141418457 90
4.313757658004761 94
4.318526983261108 96
4.323375701904297 99
4.3282694816589355 102
4.332876920700073 105
4.338833332061768 107
4.343782424926758 111
4.3485472202301025 114
4.353656053543091 117
4.358450889587402 120
4.363377809524536 124
4.368222713470459 126
4.372848987579346 130
4.377983093261719 136
4.387799263000488 140
4.392412900924683 142
4.397702932357788 146
4.402335166931152 149
4.407616376876831 153
4.412400245666504 156
4.417640209197998 159
4.422104358673096 163
4.427414655685425 166
4.431780099868774 170
4.436845064163208 174
4.4422361850738525 178
4.447526454925537 180
4.451907634735107 185
4.4572484493255615 188
4.461557865142822 191
4.466397762298584 196
4.471372365951538 198
4.47579288482666 203
4.480851173400879 206
4.485563278198242 211
4.4917473793029785 216
4.496807098388672 218
4.501263380050659 222
4.505697965621948 226
4.510790824890137 230
4.515451669692993 234
4.520517110824585 237
4.524895906448364 240
4.529987812042236 245
4.534733772277832 250
4.541330099105835 253
4.545739412307739 258
4.550846576690674 261
4.555509805679321 266
4.560535669326782 269
4.564894199371338 274
4.570233583450317 277
4.5745813846588135 280
4.579692363739014 285
4.584250211715698 288
4.590384244918823 293
4.594834566116333 296
4.599977493286133 301
4.604555368423462 304
4.609673976898193 309
4.614239931106567 312
4.619330883026123 317
4.624034643173218 320
4.628787994384766 323
4.633738994598389 328
4.638543367385864 332
4.644291877746582 336
4.649366855621338 340
4.654222249984741 343
4.65897536277771 346
4.663914680480957 351
4.668656826019287 354
4.673760890960693 358
4.678612232208252 362
4.683460474014282 366
4.6883039474487305 370
4.69404935836792 374
4.698869228363037 376
4.703792333602905 381
4.708618879318237 384
4.713730335235596 388
4.718502521514893 391
4.723343133926392 395
4.728201389312744 398
4.73281455039978 402
4.73799729347229 405
4.743701219558716 409
4.748523950576782 412
4.753375053405762 416
4.758278846740723 418
4.762874126434326 422
4.768053293228149 424
4.772823095321655 427
4.77792501449585 431
4.7824037075042725 434
4.787629127502441 436
4.792091608047485 440
4.798127174377441 443
4.802917003631592 446
4.808061599731445 449
4.812599182128906 451
4.817779064178467 454
4.822286128997803 456
4.827522277832031 460
4.832131862640381 462
4.837387800216675 464
4.841749906539917 467
4.8477864265441895 470
4.852271318435669 472
4.8575098514556885 474
4.861873149871826 477
4.8669469356536865 478
4.87144660949707 480
4.875859498977661 483
4.880911111831665 485
4.885571718215942 487
4.890805006027222 490
4.8972861766815186 491
4.901665687561035 494
4.906740665435791 495
4.911263465881348 496
4.9157257080078125 498
4.920785427093506 500
4.925476551055908 502
4.930674314498901 503
4.935323715209961 504
4.9404520988464355 506
4.945903778076172 507
4.951347589492798 508
4.955778360366821 510
4.960806131362915 511
4.965467929840088 512
4.970567941665649 513
4.974910736083984 514
4.980241060256958 514
4.984586238861084 515
4.989732503890991 516
4.99443793296814 517
5.000490427017212 518
5.004886627197266 518
5.009998798370361 518
5.014733552932739 519
5.019846677780151 519
5.024443864822388 520
5.029590368270874 520
5.034174203872681 520
5.038966417312622 520
5.043900489807129 520
5.049736738204956 520
5.0544514656066895 520
5.059565305709839 520
5.064421892166138 520
5.069611310958862 520
5.074378490447998 520
5.079402685165405 519
5.084158182144165 519
5.088982820510864 518
5.093902111053467 518
5.099789142608643 517
5.104379415512085 517
5.109411239624023 516
5.114086627960205 515
5.120544195175171 514
5.1248939037323 514
5.130457162857056 513
5.13482928276062 512
5.13998007774353 511
5.144561290740967 510
5.150724411010742 509
5.155375242233276 508
5.160465955734253 506
5.164860010147095 505
5.1702752113342285 504
5.174659013748169 503
5.179768800735474 501
5.18437647819519 500
5.1894309520721436 498
5.194324970245361 497
5.20049262046814 495
5.204886436462402 493
5.210272550582886 492
5.214655637741089 490
5.219778776168823 488
5.224394798278809 486
5.229418516159058 484
5.234083652496338 482
5.2388551235198975 481
5.243840217590332 478
5.248601198196411 476
5.254500389099121 474
5.259645700454712 471
5.264230728149414 469
5.269272565841675 466
5.274022579193115 465
5.278803586959839 462
5.283792018890381 460
5.288544654846191 458
5.293377876281738 454
5.298282861709595 452
5.304035425186157 449
5.308857440948486 447
5.314011096954346 444
5.318822383880615 442
5.3240203857421875 438
5.328790187835693 436
5.333773851394653 432
5.338570833206177 430
5.343389987945557 426
5.3482465744018555 424
5.353956699371338 420
5.358843088150024 418
5.363794326782227 414
5.368603944778442 412
5.373781204223633 408
5.378550052642822 400
5.390697479248047 397
5.395364999771118 393
5.400609016418457 389
5.406880140304565 386
5.411652088165283 382
5.4164228439331055 380
5.4209747314453125 377
5.425675868988037 372
5.430931806564331 370
5.435571908950806 365
5.440610408782959 362
5.444975852966309 358
5.450499534606934 355
5.455837965011597 351
5.460865020751953 348
5.465530157089233 343
5.470517635345459 340
5.474885702133179 336
5.480273962020874 333
5.484634637832642 330
5.48972749710083 325
5.494504690170288 322
5.499748229980469 318
5.5054144859313965 313
5.510491609573364 310
5.514877557754517 307
5.519941329956055 302
5.5245325565338135 299
5.529663801193237 294
5.534256458282471 291
5.539337396621704 286
5.544043064117432 284
5.5488269329071045 280
5.553931951522827 276
5.559777498245239 271
5.564356565475464 268
5.56953501701355 263
5.574113607406616 260
5.578896522521973 255
5.5840325355529785 252
5.588773250579834 249
5.593707799911499 244
5.598535776138306 241
5.610396146774292 232
5.614837169647217 229
5.619975566864014 224
5.624583959579468 221
5.6297221183776855 216
5.634352207183838 213
5.639361381530762 208
5.644066095352173 206
5.64885401725769 202
5.653848886489868 198
5.659711599349976 194
5.664300441741943 190
5.669310569763184 186
5.67414665222168 183
5.678970813751221 180
5.683956861495972 176
5.688884258270264 173
5.6938698291778564 168
5.698615074157715 166
5.703439235687256 161
5.708942174911499 157
5.714095115661621 154
5.718870639801025 152
5.723810195922852 147
5.728630781173706 144
5.733750343322754 140
5.738556385040283 138
5.7434351444244385 134
5.748291492462158 131
5.7529096603393555 127
5.758822917938232 124
5.763790607452393 121
5.768594026565552 118
5.773416519165039 114
5.778283357620239 112
5.7829039096832275 108
5.788113117218018 106
5.792882680892944 102
5.798031568527222 100
5.802497863769531 98
5.8077545166015625 94
5.813385963439941 91
5.81828761100769 89
5.822885990142822 86
5.828124523162842 84
5.832717418670654 82
5.8378746509552 78
5.842670679092407 76
5.847757339477539 74
5.852367401123047 72
5.857664346694946 69
5.862951278686523 66
5.868042469024658 64
5.872493743896484 63
5.8777382373809814 60
5.882220983505249 58
5.887501955032349 57
5.891842842102051 54
5.896960735321045 53
5.901482343673706 52
5.9063637256622314 48
5.912354946136475 47
5.917633771896362 46
5.922126770019531 44
5.927384853363037 43
5.931745767593384 41
5.93682599067688 40
5.941298246383667 39
5.945736408233643 37
5.950828790664673 36
5.955499649047852 35
5.9606194496154785 34
5.966867923736572 33
5.971728801727295 32
5.97693657875061 31
5.981426000595093 30
5.985792636871338 29
5.990805387496948 29
5.995447158813477 28
6.0004777908325195 28
6.004828453063965 27
6.0099780559539795 26
6.01557183265686 26
6.020607948303223 26
6.024937868118286 25
6.030406951904297 25
6.034783124923706 25
6.039874076843262 25
6.044511318206787 25
6.049679756164551 25
6.0542967319488525 25
6.059346437454224 25
6.064779996871948 25
6.069942235946655 25
6.07452392578125 26
6.079682111740112 26
6.084260940551758 26
6.0892932415008545 27
6.094160795211792 27
6.09897255897522 28
6.104087829589844 28
6.108840703964233 29
6.114435434341431 30
6.120386362075806 30
6.12475323677063 31
6.129891633987427 32
6.13448691368103 33
6.139702081680298 34
6.144251108169556 35
6.14927339553833 36
6.154131650924683 37
6.15887975692749 38
6.163800954818726 40
6.16973090171814 41
6.174330472946167 42
6.179363965988159 44
6.184040784835815 45
6.18880295753479 46
6.1937479972839355 48
6.198519229888916 50
6.203384160995483 52
6.208263397216797 53
6.2132463455200195 55
6.218901634216309 56
6.223842620849609 59
6.228617429733276 60
6.233745098114014 63
6.238531112670898 64
6.243382692337036 67
6.248240232467651 69
6.252840042114258 72
6.257951736450195 73
6.262444734573364 76
6.268441200256348 78
6.273424863815308 81
6.278291702270508 83
6.28286337852478 86
6.288022518157959 88
6.292605400085449 90
6.297763109207153 93
6.302242755889893 95
6.3075110912323 98
6.311869859695435 101
6.317956447601318 104
6.322678327560425 106
6.327786922454834 110
6.332401752471924 112
6.3376429080963135 115
6.342113494873047 118
6.347444772720337 121
6.351820230484009 124
6.356956720352173 127
6.361695289611816 131
6.366715431213379 135
6.37226128578186 138
6.377579927444458 140
6.382025718688965 146
6.391005754470825 149
6.395694971084595 154
6.400901794433594 156
6.405588626861572 160
6.410791635513306 163
6.415496587753296 167
6.421725511550903 172
6.42683219909668 174
6.431384563446045 178
6.435785293579102 182
6.440830707550049 185
6.445473670959473 189
6.450695037841797 192
6.4553062915802 196
6.4609551429748535 200
6.465611934661865 204
6.471784353256226 209
6.4768455028533936 212
6.481327772140503 215
6.485737085342407 220
6.4909961223602295 222
6.495672941207886 227
6.500709056854248 230
6.505318880081177 235
6.510535001754761 238
6.5149054527282715 243
6.521268367767334 246
6.525705814361572 251
6.530778169631958 254
6.535442590713501 259
6.540460824966431 262
6.544818639755249 265
6.54997444152832 270
6.554575204849243 273
6.559661626815796 278
6.564236402511597 281
6.569260597229004 286
6.574903964996338 289
6.580218553543091 294
6.584615230560303 297
6.589686155319214 302
6.594258546829224 305
6.599256753921509 310
6.604032754898071 313
6.60879921913147 316
6.613764047622681 321
6.618541240692139 326
6.624400854110718 329
6.629517555236816 334
6.634304523468018 336
6.639348983764648 341
6.644054651260376 344
6.648812770843506 348
6.6537559032440186 352
6.658541917800903 355
6.66338849067688 360
6.66823410987854 363
6.673946857452393 367
6.678831100463867 370
6.683763027191162 375
6.688544511795044 378
6.693654537200928 382
6.698370695114136 385
6.702956199645996 390
6.708047151565552 392
6.712495803833008 395
6.717763423919678 400
6.722257852554321 404
6.728303909301758 406
6.732919692993164 411
6.738018035888672 414
6.742467880249023 416
6.7477498054504395 420
6.752399444580078 423
6.757662057876587 426
6.762114763259888 430
6.767334222793579 432
6.771740436553955 437
6.7779834270477295 440
6.782466173171997 442
6.7876763343811035 446
6.792129039764404 448
6.7973408699035645 450
6.801679372787476 454
6.806807994842529 456
6.811454772949219 459
6.815831661224365 462
6.8208842277526855 466
6.8274171352386475 468
6.831792116165161 471
6.8368988037109375 473
6.841394662857056 475
6.845812082290649 478
6.850847005844116 480
6.855518817901611 483
6.860601186752319 484
6.865339517593384 487
6.8705527782440186 489
6.874929904937744 492
6.881298542022705 494
6.885707378387451 496
6.890751838684082 498
6.895416498184204 500
6.900501012802124 502
6.904889822006226 503
6.909975528717041 505
6.914555311203003 506
6.919651985168457 508
6.924308776855469 510
6.930596351623535 512
6.934950113296509 513
6.940268278121948 514
6.944649696350098 516
6.94977068901062 517
6.954359531402588 518
6.959386110305786 520
6.964073419570923 520
6.968862771987915 521
6.973783493041992 522
6.979742527008057 524
6.9844300746917725 524
6.989563226699829 525
6.994263648986816 526
6.999260902404785 526
7.004004240036011 527
7.008808135986328 527
7.013955116271973 528
7.018827676773071 528
7.023800373077393 528
7.029717206954956 528
7.034276962280273 529
7.039356231689453 529
7.044030427932739 529
7.048806190490723 529
7.0539610385894775 529
7.058835983276367 529
7.063775300979614 529
7.068560361862183 528
7.073399782180786 528
7.07825779914856 528
7.084019660949707 528
7.088846683502197 527
7.093810319900513 527
7.0986106395721436 526
7.1034276485443115 526
7.108291864395142 525
7.113251209259033 524
7.118734836578369 524
7.123716354370117 523
7.12851881980896 522
7.134222507476807 521
7.139259099960327 520
7.144167900085449 519
7.1489951610565186 518
7.1540021896362305 513
7.174347639083862 510
7.185826063156128 506
7.198209524154663 502
7.20857048034668 499
7.218834638595581 496
7.227891206741333 494
7.233803749084473 492
7.238595724105835 490
7.243680477142334 488
7.248506546020508 485
7.25569224357605 482
7.260961055755615 481
7.265624761581421 478
7.270909786224365 476
7.275602579116821 473
7.28085470199585 470
7.287369728088379 468
7.291890382766724 465
7.297019720077515 463
7.3015358448028564 460
7.306417226791382 458
7.310985326766968 456
7.315602540969849 452
7.320614814758301 450
7.325298070907593 447
7.330557584762573 444
7.336416244506836 441
7.341009140014648 438
7.345679044723511 435
7.350904941558838 432
7.355602979660034 429
7.360621452331543 426
7.365327596664429 422
7.370434761047363 420
7.374799013137817 417
7.379955530166626 408
7.393657922744751 404
7.398486852645874 402
7.403690576553345 398
7.408525228500366 395
7.4137492179870605 390
7.418581962585449 388
7.423417568206787 384
7.4283318519592285 380
7.432927846908569 376
7.438772916793823 374
7.443743467330933 369
7.448547840118408 366
7.453383445739746 362
7.4582953453063965 359
7.462896108627319 354
7.468034505844116 352
7.472789525985718 348
7.477907419204712 344
7.482359170913696 341
7.488347053527832 336
7.492995262145996 332
7.498073101043701 329
7.503427028656006 324
7.508282423019409 321
7.512882471084595 316
7.517964601516724 313
7.5224289894104 310
7.5276429653167725 306
7.532284259796143 302
7.5440754890441895 293
7.548905611038208 290
7.553860425949097 285
7.558653354644775 282
7.563476085662842 277
7.568392038345337 274
7.57300066947937 270
7.578069448471069 266
7.582499742507935 263
7.587792634963989 258
7.593672037124634 254
7.59846830368042 250
7.60329008102417 246
7.6082353591918945 243
7.612817049026489 240
7.617908716201782 235
7.622358083724976 232
7.62768292427063 228
7.63298773765564 223
7.638173818588257 220
7.643908739089966 215
7.648694753646851 212
7.653783798217773 208
7.6585493087768555 204
7.6636927127838135 200
7.668440818786621 197
7.673324823379517 192
7.678188800811768 190
7.682804346084595 187
7.68793511390686 182
7.693643569946289 178
7.698395013809204 175
7.703008651733398 171
7.708133220672607 168
7.7129199504852295 164
7.718082904815674 161
7.722746849060059 158
7.727874994277954 154
7.732369661331177 151
7.737659931182861 147
7.743281126022339 143
7.7482311725616455 140
7.752843618392944 137
7.757967472076416 134
7.7626566886901855 132
7.767811059951782 128
7.772442102432251 125
7.7777628898620605 122
7.782273769378662 119
7.787514686584473 116
7.792142868041992 112
7.798194885253906 110
7.8028154373168945 106
7.80797553062439 104
7.812594652175903 102
7.817784547805786 98
7.822240591049194 96
7.827491760253906 94
7.832111358642578 91
7.837375640869141 89
7.841771841049194 85
7.847945928573608 83
7.852373361587524 81
7.857656240463257 79
7.862116098403931 76
7.867336273193359 75
7.871696710586548 72
7.876763582229614 70
7.881249904632568 69
7.885700702667236 66
7.890923023223877 64
7.897480249404907 63
7.901885271072388 60
7.90700888633728 59
7.911663770675659 58
7.9163978099823 56
7.92138671875 54
7.9258153438568115 52
7.93089485168457 51
7.9355669021606445 50
7.940615892410278 48
7.9468324184417725 47
7.951526880264282 46
7.956375360488892 44
7.9609949588775635 44
7.96565580368042 42
7.9707350730896 42
7.975390911102295 40
7.98048210144043 40
7.984899282455444 39
7.990305662155151 38
7.994687557220459 38
8.000686883926392 37
8.005295753479004 36
8.010557651519775 36
8.014905214309692 36
8.020265340805054 35
8.024627685546875 35
8.029764413833618 35
8.034416198730469 34
8.03960108757019 34
8.044154405593872 34
8.050347328186035 34
8.05478286743164 34
8.059893369674683 34
8.064494848251343 35
8.069650888442993 35
8.074405431747437 35
8.079560041427612 36
8.084176063537598 36
8.088994026184082 36
8.093990325927734 37
8.099977016448975 38
8.104550123214722 38
8.10970664024353 39
8.114248991012573 39
8.11998176574707 40
8.124579429626465 41
8.129706621170044 42
8.134431838989258 43
8.13957691192627 44
8.14416790008545 45
8.150328397750854 46
8.15473198890686 47
8.159873962402344 48
8.16449785232544 49
8.169656991958618 51
8.17426586151123 52
8.179268598556519 54
8.184180498123169 55
8.18894362449646 57
8.194056510925293 58
8.199925422668457 60
8.204555749893188 62
8.209655046463013 64
8.214237689971924 65
8.219299077987671 66
8.224009990692139 69
8.228809833526611 70
8.23380184173584 73
8.238540649414062 74
8.243385553359985 77
8.24824070930481 80
8.254077911376953 81
8.258841037750244 83
8.263777494430542 86
8.268572330474854 88
8.27339220046997 91
8.278280258178711 93
8.282886981964111 96
8.288069486618042 98
8.292601585388184 100
8.2977933883667 103
8.30344295501709 106
8.308292388916016 108
8.313273429870605 112
8.318140745162964 114
8.322758674621582 116
8.327921867370605 120
8.33237886428833 122
8.337664604187012 126
8.342144966125488 128
8.347347497940063 130
8.35268759727478 134
8.357825517654419 138
8.362294673919678 141
8.367543458938599 144
8.37214994430542 147
8.377408504486084 156
8.390538692474365 159
8.394917964935303 163
8.400386571884155 166
8.405848264694214 170
8.411349773406982 173
8.415789127349854 177
8.420829772949219 180
8.425472021102905 184
8.430723190307617 187
8.435364484786987 192
8.440593481063843 194
8.444953918457031 199
8.450244188308716 202
8.455694675445557 206
8.460748672485352 209
8.465427875518799 214
8.470491886138916 217
8.474852800369263 220
8.47992730140686 224
8.484506607055664 228
8.489601850509644 232
8.494375705718994 235
8.499416828155518 240
8.504080533981323 243
8.509964942932129 248
8.514508962631226 251
8.519668579101562 256
8.524286031723022 259
8.529342651367188 264
8.534030437469482 267
8.53879427909851 272
8.545315742492676 276
8.550627946853638 280
8.556731939315796 284
8.561399698257446 288
8.565798997879028 292
8.571379899978638 296
8.575776100158691 300
8.58084750175476 304
8.585541248321533 308
8.590588331222534 312
8.594965934753418 316
8.600288391113281 320
8.604657888412476 324
8.610974073410034 327
8.615654230117798 332
8.620655536651611 335
8.625290870666504 340
8.630334854125977 343
8.63472032546997 346
8.639879703521729 351
8.644461870193481 354
8.649634838104248 359
8.654220819473267 363
8.660353660583496 366
8.66475510597229 369
8.669922590255737 374
8.67465329170227 377
8.67976450920105 382
8.68437671661377 384
8.689424991607666 389
8.69411849975586 392
8.69889521598816 395
8.704014778137207 399
8.709944486618042 404
8.7145836353302 406
8.719735145568848 410
8.724447250366211 414
8.7296142578125 418
8.734442710876465 420
8.73954701423645 424
8.744125127792358 427
8.748874187469482 430
8.753840923309326 434
8.758593559265137 438
8.764313459396362 440
8.769360065460205 444
8.77406358718872 447
8.77884316444397 449
8.783857345581055 453
8.788608312606812 456
8.793754816055298 459
8.798542976379395 462
8.80338168144226 465
8.808300495147705 468
8.814059257507324 471
8.818836212158203 473
8.823789358139038 476
8.828599214553833 478
8.833689451217651 482
8.838464736938477 484
8.843330144882202 486
8.848215579986572 488
8.852960586547852 492
8.858039140701294 494
8.863739490509033 496
8.868529319763184 498
8.873390913009644 500
8.878291606903076 502
8.88294005393982 505
8.88807463645935 506
8.892659425735474 508
8.897815227508545 510
8.902286052703857 512
8.907563209533691 514
8.912996292114258 516
8.918097019195557 518
8.922667980194092 519
8.927816390991211 521
8.932288885116577 522
8.937506914138794 523
8.941851615905762 525
8.94701337814331 526
8.951552152633667 527
8.956785917282104 528
8.961496114730835 530
8.967668056488037 531
8.972286939620972 532
8.977553844451904 532
8.98188853263855 534
8.987256050109863 534
8.991550922393799 534
8.996405124664307 535
9.000949621200562 536
9.005613088607788 536
9.010623455047607 537
9.016897678375244 537
9.021363019943237 538
9.025747776031494 538
9.030987024307251 538
9.035664081573486 538
9.04073691368103 538
9.045418739318848 539
9.05048418045044 539
9.054878950119019 539
9.060218334197998 539
9.065606355667114 538
9.070637702941895 538
9.075307369232178 538
9.080429315567017 538
9.084802865982056 538
9.089916229248047 538
9.094686508178711 537
9.099819660186768 537
9.104402780532837 536
9.109583377838135 536
9.114923477172852 535
9.120909929275513 534
9.125556945800781 533
9.130671262741089 533
9.135273218154907 532
9.140401840209961 531
9.144784688949585 530
9.149919748306274 529
9.154663801193237 528
9.159803628921509 526
9.164393663406372 525
9.170507907867432 524
9.1748948097229 522
9.180232524871826 521
9.18463683128357 520
9.189821481704712 518
9.194430112838745 517
9.199613809585571 515
9.20423936843872 514
9.209331035614014 512
9.214227437973022 510
9.220538139343262 508
9.224912643432617 506
9.230290174484253 504
9.234653234481812 502
9.239774703979492 500
9.24437165260315 498
9.249518632888794 496
9.254136085510254 494
9.258942365646362 492
9.263883113861084 490
9.269725561141968 487
9.274519443511963 485
9.279682159423828 482
9.284285545349121 480
9.289358615875244 477
9.294042825698853 475
9.298807859420776 473
9.30379343032837 470
9.308566331863403 467
9.313471555709839 464
9.319406270980835 461
9.32410192489624 458
9.32886791229248 456
9.334077596664429 453
9.33884859085083 450
9.343786001205444 447
9.348547458648682 444
9.353646516799927 440
9.358410358428955 438
9.363274574279785 434
9.368176221847534 432
9.373923063278198 428
9.378649473190308 423
9.38756775856018 419
9.392304420471191 416
9.397589206695557 412
9.402220010757446 409
9.407499074935913 405
9.412153244018555 402
9.417390584945679 398
9.42267107963562 396
9.42779541015625 391
9.432242631912231 388
9.437516927719116 386
9.454970121383667 371
9.460352897644043 368
9.464743375778198 365
9.46988821029663 360
9.475549936294556 356
9.480801582336426 353
9.485459566116333 348
9.490495204925537 346
9.494867086410522 342
9.500195980072021 338
9.504587173461914 334
9.5097496509552 330
9.514502763748169 327
9.519633769989014 322
9.524991273880005 318
9.53039026260376 314
9.534762382507324 311
9.539947986602783 307
9.544537544250488 304
9.549709796905518 299
9.554309368133545 296
9.559337615966797 291
9.564042806625366 288
9.56882381439209 283
9.574710845947266 280
9.579864263534546 275
9.584491491317749 272
9.589657545089722 268
9.594230890274048 264
9.599274158477783 261
9.60401725769043 256
9.608806610107422 253
9.613986730575562 249
9.618760824203491 246
9.62440299987793 241
9.629608154296875 236
9.634424448013306 233
9.639525175094604 229
9.644137382507324 226
9.64889907836914 222
9.653826475143433 218
9.658626079559326 215
9.663489580154419 210
9.668347358703613 208
9.67297101020813 203
9.678893327713013 200
9.68382978439331 196
9.688653707504272 193
9.693781852722168 188
9.69857907295227 186
9.70342493057251 181
9.70828366279602 178
9.712882280349731 174
9.718053817749023 172
9.72260069847107 167
9.728615283966064 164
9.733488321304321 160
9.738383531570435 158
9.74341869354248 154
9.74830436706543 151
9.753299713134766 147
9.758207321166992 145
9.762832164764404 141
9.767961263656616 138
9.772473096847534 134
9.778423547744751 132
9.783244132995605 128
9.788174390792847 126
9.792780637741089 124
9.797992944717407 120
9.802487850189209 118
9.807767152786255 114
9.812421798706055 112
9.817714214324951 109
9.822211503982544 107
9.828190326690674 104
9.832829713821411 100
9.837962865829468 98
9.842677116394043 96
9.847823858261108 94
9.85233736038208 92
9.857642650604248 90
9.862081527709961 87
9.867324113845825 85
9.871878623962402 83
9.877279043197632 80
9.882664918899536 78
9.88777780532837 76
9.892221212387085 74
9.89756155014038 73
9.901993751525879 71
9.907307386398315 70
9.911679029464722 68
9.916774034500122 66
9.921322345733643 65
9.925729990005493 62
9.932316303253174 61
9.93758749961853 60
9.942059755325317 58
9.947319030761719 57
9.951664686203003 56
9.956787347793579 55
9.961283683776855 54
9.965713024139404 53
9.970791816711426 52
9.975465059280396 51
9.981682777404785 50
9.986821174621582 49
9.99150276184082 49
9.995877027511597 48
